-7 41 346 -0.0899 -0.0197 0.0181 0.6105 0.1448 10.9439 30.82 99.69
-7 55 367 -0.0746 -0.0157 0.0159 0.5818 0.1784 11.0049 30.81 97.25
0 53 355 -0.0893 -0.0193 0.0139 0.5638 0.1532 10.9786 30.82 90.00
-11 71 371 -0.0711 -0.0119 0.0072 0.5710 0.1389 10.9571 30.79 98.81
-7 37 368 -0.0902 -0.0189 0.0087 0.5997 0.1472 11.0049 30.79 100.71
-13 50 341 -0.0761 -0.0164 0.0087 0.5854 0.1808 10.9834 30.78 104.57
-7 55 333 -0.0882 -0.0171 0.0139 0.5746 0.1760 10.9906 30.80 97.25
-10 42 350 -0.0739 -0.0131 0.0131 0.5746 0.1616 10.9738 30.81 103.39
-11 41 342 -0.0874 -0.0208 0.0164 0.6009 0.1532 10.9726 30.78 105.02
-10 32 340 -0.0807 -0.0157 0.0164 0.5782 0.1748 10.9810 30.79 107.35
-14 47 353 -0.0839 -0.0168 0.0153 0.5794 0.1425 10.9906 30.82 106.59
-7 35 340 -0.0771 -0.0137 0.0124 0.5938 0.1592 10.9834 30.79 101.31
-23 54 363 -0.1142 -0.0715 -0.0115 0.4429 0.2346 10.9463 30.80 113.07
-3 48 351 -0.0758 0.0081 0.0645 0.7075 0.0431 10.8900 30.84 93.58
0 36 320 -0.1591 -0.0051 0.1907 0.4956 0.3675 11.0504 30.80 90.00
-5 29 350 0.0777 -0.0598 -0.0036 0.7745 -0.0144 10.9427 30.80 99.78
-20 33 362 -0.1228 0.0721 0.3676 0.9685 0.2705 10.9044 30.82 121.22
-23 8 346 0.0362 -0.0667 0.4587 0.5303 -0.0419 11.1366 30.83 160.82
-44 29 336 -0.0159 -0.0995 0.5204 0.4573 0.5638 10.8637 30.81 146.61
-45 4 342 -0.1952 0.0426 0.6199 0.6644 0.3292 10.9726 30.81 174.92
-38 -3 350 -0.1198 -0.0933 0.6034 0.6045 0.0000 11.0373 30.82 184.51
-45 -24 328 -0.0281 0.0185 0.6739 0.6967 0.3340 10.9726 30.82 208.07
-50 -8 368 -0.0361 0.0216 0.7600 0.6093 0.1532 11.0648 30.82 189.09
-55 -49 359 -0.0460 -0.0019 0.8792 0.6788 0.2897 10.9906 30.82 221.70
-53 -43 349 0.0404 -0.0396 0.9506 0.7099 0.2358 11.0014 30.81 219.05
-38 -63 361 0.0469 -0.0644 1.0909 0.5495 0.2789 11.0061 30.81 238.90
-49 -100 378 0.0290 0.0377 1.1093 0.7901 0.2526 10.9415 30.82 243.90
-57 -114 334 0.0004 0.0402 0.9228 0.7015 0.2107 11.0061 30.79 243.43
-49 -138 351 -0.0466 0.0458 0.8749 0.6823 0.3089 10.9822 30.79 250.45
-20 -165 355 -0.0793 -0.0053 0.8263 0.8080 0.2801 11.0038 30.80 263.09
-22 -197 348 -0.0759 -0.0654 1.2448 0.7626 0.3855 10.6997 30.82 263.63
-18 -201 352 -0.1276 0.0440 1.0388 0.4609 -0.0670 11.2827 30.82 264.88
13 -215 337 -0.0277 -0.0441 1.4208 0.6393 0.4729 10.7859 30.80 273.46
41 -257 360 -0.0005 0.0941 1.4462 0.6476 -0.0251 11.1067 30.82 279.06
52 -262 356 -0.0238 0.0910 1.4766 0.6129 0.3053 10.9140 30.82 281.23
88 -268 335 0.0931 0.0232 1.5167 0.7099 -0.1891 11.2599 30.82 288.18
106 -257 365 -0.0452 0.0292 1.3527 0.6225 0.5375 10.7847 30.81 292.41
139 -266 374 -0.0850 -0.0452 1.1479 0.5303 0.0455 11.1426 30.83 297.59
157 -281 370 -0.0139 -0.0657 0.9574 0.7326 0.2526 10.9176 30.82 299.19
176 -287 358 -0.0059 0.0141 0.6532 0.6464 0.0730 10.9738 30.80 301.52
191 -285 338 -0.0376 -0.0155 0.4759 0.5914 0.3867 10.9834 30.82 303.83
194 -297 381 0.0761 -0.1260 -0.2842 1.4952 -0.3268 11.0277 30.82 303.15
192 -285 365 -0.0432 0.3512 -0.1847 -0.6656 0.2993 11.1869 30.80 303.97
182 -257 368 0.2785 0.1557 0.5812 0.4381 0.0982 11.1534 30.83 305.31
205 -253 354 -0.2797 0.0204 0.5452 0.3160 0.8164 10.7799 30.82 309.02
233 -255 374 -0.3231 -0.1463 0.7604 0.1616 0.6237 11.2001 30.82 312.42
258 -234 395 -0.0169 -0.1287 0.9577 0.5986 0.4908 10.8326 30.80 317.79
274 -233 377 -0.1696 -0.0436 0.9208 0.4860 0.1712 11.0864 30.81 319.62
286 -217 405 -0.0954 -0.0023 1.2193 0.6416 0.1915 10.8852 30.80 322.81
313 -213 390 -0.0849 0.0289 1.1999 0.5722 0.0730 10.9487 30.80 325.76
311 -188 392 -0.0857 0.0963 1.2157 0.2837 0.0706 11.1498 30.80 328.85
326 -164 372 -0.0484 0.0638 1.3494 0.5878 0.0898 10.9379 30.81 333.29
363 -124 409 -0.1784 -0.0266 1.3897 0.3472 -0.1257 11.1019 30.84 341.14
376 -118 363 -0.0699 -0.0009 1.4492 0.3795 -0.1221 11.0038 30.82 342.58
384 -99 390 -0.0931 -0.0044 1.3346 0.3519 -0.1149 10.9714 30.80 345.54
387 -76 397 -0.0833 -0.0448 1.0938 0.2813 -0.2179 11.1055 30.82 348.89
385 -59 363 -0.1147 -0.0693 0.9842 0.3723 -0.0994 11.0421 30.80 351.29
387 -32 380 -0.0528 0.0362 1.2420 0.3244 0.0311 10.9152 30.79 355.27
394 5 384 -0.0974 -0.0711 1.2291 0.3424 -0.3903 11.0864 30.83 0.73
362 5 389 -0.0044 -0.1416 1.2701 0.3184 -0.0874 10.9966 30.81 0.79
344 44 362 -0.0798 0.0143 1.5886 0.0168 -0.0263 11.0002 30.82 7.29
340 79 372 -0.1067 -0.0242 1.6411 -0.0096 -0.1101 11.0923 30.83 13.08
318 83 341 0.0305 -0.0926 1.0568 0.6788 -0.5746 11.0947 30.83 14.63
310 92 366 -0.0397 0.1448 0.7831 0.2251 -0.1293 10.9619 30.80 16.53
306 105 368 -0.0144 0.2494 0.8183 0.1125 -0.3208 11.0049 30.82 18.94
283 114 372 -0.0907 -0.2073 0.7494 0.2622 -0.0383 10.9475 30.79 21.94
270 152 351 -0.1366 0.0301 0.7234 0.1784 -0.2921 10.8852 30.80 29.38
240 147 384 0.1029 -0.1291 0.3363 -0.1532 0.1832 11.1019 30.78 31.49
252 122 357 -0.3018 -0.3860 -0.0388 1.4641 -0.1125 11.0397 30.80 25.83
252 129 360 0.0252 0.2006 0.3259 0.3496 -0.0084 11.0217 30.79 27.11
241 140 376 -0.1713 -0.1585 0.7434 -0.1736 0.1784 11.0073 30.80 30.15
230 136 384 -0.1467 -0.0253 0.6066 0.5411 -0.6560 11.0241 30.78 30.60
221 129 382 0.1525 0.1007 0.3952 -0.0958 0.1137 11.0672 30.81 30.27
204 128 364 -0.0582 0.0242 0.6488 0.4034 -0.6321 11.2252 30.82 32.11
168 122 360 -0.1103 0.0444 0.7901 -0.1317 0.1125 11.1558 30.82 35.99
176 160 379 0.3120 0.3584 0.5963 -0.0227 0.3496 10.7500 30.81 42.27
138 166 363 0.1923 -0.0426 0.8072 -0.4932 0.7745 11.0385 30.82 50.26
95 154 332 0.0702 0.0049 0.5951 0.0395 0.2322 11.0181 30.80 58.33
90 149 390 -0.0803 0.0007 0.4495 -0.1915 0.8092 10.8529 30.82 58.87
75 142 362 -0.1162 -0.2232 0.9699 -0.7075 0.3771 11.3126 30.81 62.16
48 143 333 -0.2950 -0.0274 1.5744 0.1688 0.6464 10.6362 30.81 71.44
33 107 352 -0.2290 0.1701 1.7600 -0.1604 0.6464 10.9654 30.80 72.86
19 109 372 -0.1970 0.0725 0.8272 0.3280 0.2071 11.1127 30.80 80.11
1 93 330 -0.0051 -0.1406 0.9738 -0.1772 0.7542 11.1821 30.82 89.38
-24 74 337 0.0633 -0.1932 1.2705 -0.3053 0.6488 10.9882 30.80 107.97
-33 44 343 -0.0851 0.0480 1.4390 0.2119 0.5758 10.9547 30.80 126.87
-36 8 352 -0.1556 0.0242 1.3859 0.4513 0.5770 11.0038 30.80 167.47
-58 -12 356 -0.0365 -0.1244 1.3484 0.5375 0.3962 11.0660 30.82 191.69
-65 -42 361 0.0027 -0.1058 1.4950 0.4860 0.5495 10.9523 30.83 212.87
-68 -56 348 -0.1498 0.0594 1.3627 0.6369 0.2598 10.9487 30.80 219.47
-49 -112 352 0.0480 -0.0573 1.6709 0.7721 0.4310 11.0612 30.83 246.37
-47 -134 337 0.0602 0.0954 1.8129 0.5291 0.5136 10.8793 30.82 250.67
-45 -199 348 -0.0604 0.1187 1.8347 0.7853 0.1413 10.9990 30.82 257.26
-3 -210 370 -0.1980 0.4034 0.9308 1.0259 0.4274 11.1115 30.82 269.18
-14 -231 341 0.2058 -0.4738 1.2177 1.1552 0.2478 11.0002 30.81 266.53
19 -235 365 -0.1512 0.3457 1.0218 0.7290 0.4274 10.8649 30.82 274.62
31 -259 364 0.1892 -0.1899 0.9781 0.6213 0.1353 11.2492 30.81 276.83
51 -265 368 -0.2701 0.1170 0.5630 1.1037 0.4310 10.8589 30.81 280.89
52 -265 368 0.2149 0.0773 0.0613 0.2993 -0.3579 11.2563 30.80 281.10
49 -249 351 -0.3372 0.1627 0.1404 -0.0790 0.8440 10.9080 30.80 281.13
39 -243 365 -0.2084 0.2667 -0.2000 0.8775 0.9122 10.6602 30.81 279.12
59 -236 381 -0.1540 0.2799 0.1190 0.1879 0.2693 11.0840 30.82 284.04
53 -233 353 -0.0586 -0.0357 0.6093 0.0395 0.2059 11.1666 30.81 282.81
80 -261 351 -0.0065 -0.1474 1.3536 0.1496 0.3579 10.9367 30.82 287.04
116 -266 375 -0.2703 -0.2334 1.4962 0.3436 0.1125 11.1941 30.81 293.56
171 -280 384 -0.2485 -0.1872 1.3845 0.5758 0.0036 11.0121 30.83 301.41
205 -281 375 -0.2200 -0.1411 1.0111 0.7183 0.2179 10.7907 30.83 306.11
255 -271 383 -0.2918 -0.0472 0.5376 1.0367 0.2047 10.2508 30.83 313.26
270 -277 382 -0.0145 -0.0348 0.5866 1.2115 -0.2430 10.9678 30.83 314.27
279 -269 380 -0.3119 -0.2149 0.4410 1.0918 -0.3915 10.7703 30.82 316.05
283 -278 390 0.2533 -0.1282 0.3315 1.3623 -0.9924 11.3102 30.80 315.51
260 -271 364 -0.1416 0.0613 0.0027 0.7638 -0.5183 10.6698 30.82 313.81
285 -252 385 -0.3604 0.0393 0.7638 1.0391 -0.2705 10.8098 30.81 318.52
329 -248 392 -0.2794 -0.2229 0.6724 0.5088 -1.3647 11.3234 30.83 322.99
328 -239 350 -0.1945 0.1561 0.4291 0.5171 -0.5758 11.0696 30.81 323.92
348 -229 340 0.0089 -0.1274 0.5348 0.6919 -1.1552 11.1139 30.79 326.65
348 -237 370 0.0787 0.1379 1.3185 0.4824 -1.2881 11.3210 30.83 325.74
352 -191 357 0.2806 0.2386 1.5543 0.1628 -0.3424 10.9128 30.83 331.52
357 -160 384 0.1051 0.0866 1.2304 -0.0599 -0.5363 11.2420 30.82 335.86
373 -144 352 -0.1003 -0.0047 1.5124 0.1592 -0.7769 11.1115 30.81 338.89
383 -131 372 -0.0072 -0.1511 1.5753 0.2658 -0.3388 10.8697 30.81 341.12
390 -89 394 -0.1088 -0.0827 1.3607 -0.0251 -0.4681 11.0409 30.82 347.14
375 -78 382 -0.0193 -0.0159 1.2120 0.1173 -0.1209 10.8601 30.83 348.25
379 -51 386 -0.1083 0.0115 1.2240 0.0790 -0.3376 10.8996 30.82 352.34
384 -54 357 -0.1259 -0.0437 1.1939 -0.2430 -0.2909 11.1127 30.81 352.00
397 4 366 -0.0750 -0.0215 1.2373 -0.5866 -0.4202 11.3353 30.82 0.58
388 4 334 -0.0682 -0.0173 0.9816 -0.1688 -0.1604 10.7619 30.81 0.59
363 41 351 -0.1098 0.0207 1.1756 -0.1401 -0.5770 10.9475 30.81 6.44
365 68 342 -0.3921 0.2341 1.0515 0.3316 -0.5315 10.8852 30.81 10.55
351 100 345 -0.1545 -0.0743 1.2348 0.2047 -0.7135 11.1306 30.82 15.90
344 97 387 -0.2256 -0.2994 1.0710 0.2466 -0.4070 10.6027 30.83 15.75
323 109 351 -0.1791 -0.0636 1.0836 -0.0371 -0.9673 11.0840 30.81 18.65
316 131 335 -0.0472 -0.1286 0.9742 -0.7470 -0.5614 11.1690 30.82 22.52
283 154 357 -0.1660 0.0677 0.9120 -0.0718 -0.4764 10.8828 30.82 28.55
281 152 353 -0.1741 0.0979 0.4001 -0.7458 -0.4310 11.2348 30.83 28.41
286 157 335 0.0084 -0.1294 0.3729 -0.3591 -0.1365 11.0421 30.82 28.76
264 160 357 0.0854 -0.0192 0.2633 -0.6584 -0.0491 10.9104 30.82 31.22
250 152 354 -0.0679 -0.4085 0.2843 -0.6428 0.1257 10.8002 30.82 31.30
235 148 356 0.0128 0.0199 0.5385 -0.2227 -0.1365 10.9906 30.82 32.20
225 180 357 -0.0790 0.0003 0.6257 -0.0539 0.1018 10.7727 30.82 38.66
199 158 348 0.0212 -0.0036 0.7043 -0.1867 -0.0611 11.0504 30.82 38.45
192 164 362 -0.1300 0.0685 0.7208 0.3280 -0.1652 10.5919 30.81 40.50
193 179 349 -0.0388 0.1272 -0.5019 0.1281 0.1197 11.0073 30.81 42.84
210 159 342 0.0226 -0.1891 -0.7180 -0.1053 0.3077 10.8170 30.81 37.13
227 170 364 -0.3862 -0.2826 -0.2138 -0.1951 0.0036 10.9607 30.81 36.83
248 176 363 -0.0357 -0.1490 -0.4811 -0.2370 -0.1736 11.1426 30.82 35.36
262 143 357 -0.0798 -0.0609 -1.0780 0.1077 -0.2598 10.9223 30.83 28.63
278 126 354 0.0632 0.0184 -1.2020 -0.0156 -0.1281 10.9415 30.82 24.38
300 115 392 -0.0353 0.0011 -1.3319 0.2035 -0.2753 11.0433 30.83 20.97
320 97 381 0.0172 0.0476 -1.3255 0.2622 -0.1796 10.9882 30.83 16.86
324 78 368 -0.0707 -0.0915 -1.2982 -0.1484 -0.0192 11.0121 30.83 13.54
349 83 368 -0.0636 0.1085 -0.8689 -0.1113 -0.5914 11.1893 30.82 13.38
338 75 360 -0.0344 0.0705 -0.8007 0.0706 0.1197 10.9223 30.83 12.51
365 49 390 -0.1029 -0.0509 -1.0954 0.0826 0.3196 10.6829 30.83 7.65
353 18 359 -0.0440 -0.2430 -0.0189 -0.1760 0.0599 10.9259 30.84 2.92
353 17 371 -0.1486 0.0113 -0.0060 0.0934 0.0479 10.8972 30.82 2.76
356 18 383 -0.0839 0.0655 -0.4454 0.7973 -0.1987 10.5955 30.83 2.89
357 4 387 -0.1199 -0.3762 -1.5356 0.9038 -0.4477 11.3964 30.83 0.64
371 -67 378 -0.0149 -0.1616 -2.4359 0.8021 -0.2478 10.7955 30.82 349.76
363 -132 360 0.0270 -0.3191 -3.1682 0.6297 -0.5387 11.2025 30.82 340.02
328 -188 383 -0.0509 0.0217 -3.7329 0.5507 -0.2286 10.7176 30.81 330.18
247 -251 394 -0.2538 -0.0168 -4.1892 0.3340 -0.5782 11.0289 30.81 314.54
160 -259 384 -0.4762 -0.0024 -4.3657 0.1041 -0.4465 10.9714 30.82 301.71
86 -242 408 -0.5045 -0.2943 -4.3657 0.2394 -0.9864 11.2360 30.81 289.56
9 -188 364 -0.3750 -0.2534 -4.3657 -0.1161 -0.8547 11.1701 30.81 272.74
-61 -120 338 -0.1564 -0.2110 -4.3657 0.1077 -0.8296 10.9607 30.81 243.05
-34 -7 382 -0.2558 0.1094 -4.3657 -0.1700 -0.5686 10.9642 30.82 191.63
0 74 381 -0.3712 0.0858 -4.3657 0.0742 -0.4621 10.8793 30.81 90.00
111 142 366 -0.6113 0.0540 -4.2084 -0.1508 -0.4932 11.1306 30.80 51.99
199 115 347 -0.4740 -0.1495 -3.9043 0.1544 -0.5710 11.0899 30.79 30.02
303 89 384 -0.4048 -0.1604 -3.6183 0.0766 -0.5148 11.1139 30.82 16.37
348 32 359 -0.1691 -0.0557 -3.3273 0.4788 -0.4681 10.9164 30.82 5.25
363 -22 367 -0.2112 0.1455 -3.0760 0.3424 -0.3591 10.9738 30.79 356.53
372 -64 340 -0.2028 0.2840 -2.8631 0.5578 -0.2478 10.8828 30.80 350.24
381 -96 411 -0.3559 0.2770 -2.5931 0.3100 -0.1640 11.0492 30.79 345.86
380 -142 396 -0.2932 0.1872 -2.2856 0.4800 -0.1030 10.9906 30.81 339.51
367 -182 401 -0.2443 0.0581 -1.8968 0.2849 -0.0491 11.1235 30.83 333.62
343 -220 360 -0.0080 -0.0458 -1.4460 0.4848 0.0120 11.0289 30.80 327.32
310 -252 377 0.0982 -0.0929 -0.9559 0.4274 0.0922 11.0648 30.81 320.89
281 -241 385 0.2312 -0.0759 -0.4898 0.5818 0.1532 11.0133 30.81 319.38
256 -249 365 0.1311 -0.1074 -0.0825 0.5124 0.2430 10.9846 30.82 315.79
261 -253 381 0.0420 -0.0782 0.2619 0.6608 0.1903 10.9080 30.79 315.89
267 -249 373 -0.1685 -0.0691 0.5617 0.5938 0.2658 10.9774 30.80 317.00
288 -245 367 -0.2657 0.0195 0.8302 0.7266 0.0970 10.8601 30.79 319.61
333 -241 362 -0.3293 0.0883 1.0746 0.6129 0.1484 11.0887 30.81 324.11
356 -196 379 -0.2467 0.1146 1.2600 0.6668 -0.1353 11.0361 30.79 331.16
359 -184 367 -0.1010 0.1175 1.3618 0.5986 -0.0646 11.0720 30.80 332.86
383 -136 358 0.0248 -0.0329 1.3771 0.6416 -0.2670 11.1127 30.80 340.45
394 -120 406 0.1247 -0.1601 1.3127 0.6572 -0.1173 11.0097 30.80 343.06
375 -100 373 0.0803 -0.2791 1.2063 0.6979 -0.2035 11.0528 30.79 345.07
376 -96 373 0.0580 -0.2890 1.0788 0.7434 -0.1185 10.8996 30.81 345.68
363 -63 378 -0.0819 -0.1952 0.9601 0.7937 -0.1604 10.9164 30.82 350.15
